# column 1: wavelength; lambda (micron)
# column 2: total flux; F_nu (Jy)
1.000000000e-02 0.000000000e+00
1.009262191e-02 0.000000000e+00
1.018610170e-02 0.000000000e+00
1.028044732e-02 0.000000000e+00
1.037566679e-02 0.000000000e+00
1.047176819e-02 0.000000000e+00
1.056875971e-02 0.000000000e+00
1.066664958e-02 0.000000000e+00
1.076544613e-02 0.000000000e+00
1.086515775e-02 0.000000000e+00
1.096579291e-02 0.000000000e+00
1.106736018e-02 0.000000000e+00
1.116986818e-02 0.000000000e+00
1.127332564e-02 0.000000000e+00
1.137774133e-02 0.000000000e+00
1.148312415e-02 0.000000000e+00
1.158948303e-02 0.000000000e+00
1.169682704e-02 0.000000000e+00
1.180516529e-02 0.000000000e+00
1.191450698e-02 0.000000000e+00
1.202486142e-02 0.000000000e+00
1.213623798e-02 0.000000000e+00
1.224864614e-02 0.000000000e+00
1.236209544e-02 0.000000000e+00
1.247659553e-02 0.000000000e+00
1.259215614e-02 0.000000000e+00
1.270878709e-02 0.000000000e+00
1.282649831e-02 0.000000000e+00
1.294529978e-02 0.000000000e+00
1.306520162e-02 0.000000000e+00
1.318621401e-02 0.000000000e+00
1.330834725e-02 0.000000000e+00
1.343161170e-02 0.000000000e+00
1.355601785e-02 0.000000000e+00
1.368157628e-02 0.000000000e+00
1.380829765e-02 0.000000000e+00
1.393619274e-02 0.000000000e+00
1.406527242e-02 0.000000000e+00
1.419554766e-02 0.000000000e+00
1.432702953e-02 0.000000000e+00
1.445972922e-02 0.000000000e+00
1.459365799e-02 0.000000000e+00
1.472882724e-02 0.000000000e+00
1.486524845e-02 0.000000000e+00
1.500293322e-02 0.000000000e+00
1.514189325e-02 0.000000000e+00
1.528214036e-02 0.000000000e+00
1.542368646e-02 0.000000000e+00
1.556654359e-02 0.000000000e+00
1.571072389e-02 0.000000000e+00
1.585623962e-02 0.000000000e+00
1.600310314e-02 0.000000000e+00
1.615132694e-02 0.000000000e+00
1.630092361e-02 0.000000000e+00
1.645190588e-02 0.000000000e+00
1.660428657e-02 0.000000000e+00
1.675807865e-02 0.000000000e+00
1.691329517e-02 0.000000000e+00
1.706994934e-02 0.000000000e+00
1.722805447e-02 0.000000000e+00
1.738762400e-02 0.000000000e+00
1.754867150e-02 0.000000000e+00
1.771121064e-02 0.000000000e+00
1.787525526e-02 0.000000000e+00
1.804081929e-02 0.000000000e+00
1.820791680e-02 0.000000000e+00
1.837656200e-02 0.000000000e+00
1.854676923e-02 0.000000000e+00
1.871855295e-02 0.000000000e+00
1.889192776e-02 0.000000000e+00
1.906690841e-02 0.000000000e+00
1.924350975e-02 0.000000000e+00
1.942174681e-02 0.000000000e+00
1.960163474e-02 0.000000000e+00
1.978318883e-02 0.000000000e+00
1.996642450e-02 0.000000000e+00
2.015135734e-02 0.000000000e+00
2.033800306e-02 0.000000000e+00
2.052637753e-02 0.000000000e+00
2.071649676e-02 0.000000000e+00
2.090837691e-02 0.000000000e+00
2.110203429e-02 0.000000000e+00
2.129748536e-02 0.000000000e+00
2.149474673e-02 0.000000000e+00
2.169383518e-02 0.000000000e+00
2.189476763e-02 0.000000000e+00
2.209756115e-02 0.000000000e+00
2.230223298e-02 0.000000000e+00
2.250880052e-02 0.000000000e+00
2.271728133e-02 0.000000000e+00
2.292769313e-02 0.000000000e+00
2.314005380e-02 0.000000000e+00
2.335438140e-02 0.000000000e+00
2.357069414e-02 0.000000000e+00
2.378901041e-02 0.000000000e+00
2.400934877e-02 0.000000000e+00
2.423172794e-02 0.000000000e+00
2.445616683e-02 0.000000000e+00
2.468268452e-02 0.000000000e+00
2.491130026e-02 0.000000000e+00
2.514203348e-02 0.000000000e+00
2.537490380e-02 0.000000000e+00
2.560993100e-02 0.000000000e+00
2.584713507e-02 0.000000000e+00
2.608653618e-02 0.000000000e+00
2.632815466e-02 0.000000000e+00
2.657201105e-02 0.000000000e+00
2.681812609e-02 0.000000000e+00
2.706652070e-02 0.000000000e+00
2.731721598e-02 0.000000000e+00
2.757023326e-02 0.000000000e+00
2.782559402e-02 0.000000000e+00
2.808331999e-02 0.000000000e+00
2.834343306e-02 0.000000000e+00
2.860595535e-02 0.000000000e+00
2.887090917e-02 0.000000000e+00
2.913831705e-02 0.000000000e+00
2.940820171e-02 0.000000000e+00
2.968058609e-02 0.000000000e+00
2.995549334e-02 0.000000000e+00
3.023294684e-02 0.000000000e+00
3.051297017e-02 0.000000000e+00
3.079558713e-02 0.000000000e+00
3.108082174e-02 0.000000000e+00
3.136869825e-02 0.000000000e+00
3.165924112e-02 0.000000000e+00
3.195247506e-02 0.000000000e+00
3.224842498e-02 0.000000000e+00
3.254711606e-02 0.000000000e+00
3.284857366e-02 0.000000000e+00
3.315282342e-02 0.000000000e+00
3.345989121e-02 0.000000000e+00
3.376980311e-02 0.000000000e+00
3.408258547e-02 0.000000000e+00
3.439826489e-02 0.000000000e+00
3.471686819e-02 0.000000000e+00
3.503842245e-02 0.000000000e+00
3.536295501e-02 0.000000000e+00
3.569049346e-02 0.000000000e+00
3.602106562e-02 0.000000000e+00
3.635469961e-02 0.000000000e+00
3.669142378e-02 0.000000000e+00
3.703126676e-02 0.000000000e+00
3.737425742e-02 0.000000000e+00
3.772042493e-02 0.000000000e+00
3.806979871e-02 0.000000000e+00
3.842240846e-02 0.000000000e+00
3.877828415e-02 0.000000000e+00
3.913745602e-02 0.000000000e+00
3.949995461e-02 0.000000000e+00
3.986581074e-02 0.000000000e+00
4.023505549e-02 0.000000000e+00
4.060772026e-02 0.000000000e+00
4.098383672e-02 0.000000000e+00
4.136343684e-02 0.000000000e+00
4.174655289e-02 0.000000000e+00
4.213321744e-02 0.000000000e+00
4.252346335e-02 0.000000000e+00
4.291732378e-02 0.000000000e+00
4.331483223e-02 0.000000000e+00
4.371602248e-02 0.000000000e+00
4.412092863e-02 0.000000000e+00
4.452958510e-02 0.000000000e+00
4.494202662e-02 0.000000000e+00
4.535828826e-02 0.000000000e+00
4.577840538e-02 0.000000000e+00
4.620241372e-02 0.000000000e+00
4.663034930e-02 0.000000000e+00
4.706224850e-02 0.000000000e+00
4.749814803e-02 0.000000000e+00
4.793808495e-02 0.000000000e+00
4.838209665e-02 0.000000000e+00
4.883022087e-02 0.000000000e+00
4.928249570e-02 0.000000000e+00
4.973895959e-02 0.000000000e+00
5.019965133e-02 0.000000000e+00
5.066461009e-02 0.000000000e+00
5.113387538e-02 0.000000000e+00
5.160748710e-02 0.000000000e+00
5.208548551e-02 0.000000000e+00
5.256791122e-02 0.000000000e+00
5.305480525e-02 0.000000000e+00
5.354620899e-02 0.000000000e+00
5.404216421e-02 0.000000000e+00
5.454271305e-02 0.000000000e+00
5.504789808e-02 0.000000000e+00
5.555776222e-02 0.000000000e+00
5.607234883e-02 0.000000000e+00
5.659170163e-02 0.000000000e+00
5.711586478e-02 0.000000000e+00
5.764488283e-02 0.000000000e+00
5.817880074e-02 0.000000000e+00
5.871766391e-02 0.000000000e+00
5.926151812e-02 0.000000000e+00
5.981040962e-02 0.000000000e+00
6.036438506e-02 0.000000000e+00
6.092349152e-02 0.000000000e+00
6.148777654e-02 0.000000000e+00
6.205728807e-02 0.000000000e+00
6.263207452e-02 0.000000000e+00
6.321218476e-02 0.000000000e+00
6.379766809e-02 0.000000000e+00
6.438857427e-02 0.000000000e+00
6.498495354e-02 0.000000000e+00
6.558685660e-02 0.000000000e+00
6.619433459e-02 0.000000000e+00
6.680743916e-02 0.000000000e+00
6.742622242e-02 0.000000000e+00
6.805073697e-02 0.000000000e+00
6.868103589e-02 0.000000000e+00
6.931717276e-02 0.000000000e+00
6.995920165e-02 0.000000000e+00
7.060717714e-02 0.000000000e+00
7.126115430e-02 0.000000000e+00
7.192118872e-02 0.000000000e+00
7.258733651e-02 0.000000000e+00
7.325965428e-02 0.000000000e+00
7.393819919e-02 0.000000000e+00
7.462302891e-02 0.000000000e+00
7.531420166e-02 0.000000000e+00
7.601177618e-02 0.000000000e+00
7.671581177e-02 0.000000000e+00
7.742636827e-02 0.000000000e+00
7.814350608e-02 0.000000000e+00
7.886728616e-02 0.000000000e+00
7.959777002e-02 0.000000000e+00
8.033501977e-02 0.000000000e+00
8.107909807e-02 0.000000000e+00
8.183006816e-02 0.000000000e+00
8.258799388e-02 0.000000000e+00
8.335293965e-02 0.000000000e+00
8.412497050e-02 0.000000000e+00
8.490415204e-02 0.000000000e+00
8.569055051e-02 0.000000000e+00
8.648423276e-02 0.000000000e+00
8.728526624e-02 0.000000000e+00
8.809371904e-02 0.000000000e+00
8.890965990e-02 0.000000000e+00
8.973315815e-02 3.022220181e-03
9.056428379e-02 1.671188604e-02
9.140310749e-02 1.861259742e-02
9.224970053e-02 3.954947177e-02
9.310413487e-02 6.883081017e-02
9.396648315e-02 9.696994144e-02
9.483681866e-02 1.216773055e-01
9.571521539e-02 1.381908219e-01
9.660174800e-02 1.228334693e-01
9.749649183e-02 6.071076168e-02
9.839952296e-02 1.003173116e-01
9.931091814e-02 1.178969771e-01
1.002307548e-01 1.424547711e-01
1.011591112e-01 1.574045976e-01
1.020960662e-01 1.259953561e-01
1.030416995e-01 1.234472234e-01
1.039960914e-01 1.660992653e-01
1.049593231e-01 1.981715684e-01
1.059314764e-01 1.800327271e-01
1.069126339e-01 1.725113634e-01
1.079028792e-01 1.730119426e-01
1.089022962e-01 1.724058878e-01
1.099109701e-01 1.907685471e-01
1.109289865e-01 1.857337548e-01
1.119564319e-01 1.721326868e-01
1.129933938e-01 1.780720803e-01
1.140399602e-01 1.927670767e-01
1.150962201e-01 1.900490399e-01
1.161622633e-01 1.901295162e-01
1.172381803e-01 1.458879827e-01
1.183240627e-01 1.676697261e-01
1.194200028e-01 1.573255366e-01
1.205260937e-01 1.281251120e-01
1.216424294e-01 1.169180043e-01
1.227691048e-01 1.670492453e-01
1.239062157e-01 2.042686555e-01
1.250538587e-01 2.064323788e-01
1.262121315e-01 1.991531386e-01
1.273811323e-01 2.199538587e-01
1.285609607e-01 2.247420367e-01
1.297517169e-01 1.985547522e-01
1.309535020e-01 2.162331830e-01
1.321664184e-01 2.300431288e-01
1.333905690e-01 2.163333450e-01
1.346260579e-01 2.330219808e-01
1.358729902e-01 2.267693004e-01
1.371314718e-01 2.185940952e-01
1.384016097e-01 2.116337375e-01
1.396835118e-01 1.768444405e-01
1.409772872e-01 1.908968913e-01
1.422830457e-01 2.099528368e-01
1.436008985e-01 2.159197411e-01
1.449309574e-01 2.222674417e-01
1.462733356e-01 2.095072820e-01
1.476281472e-01 2.102763979e-01
1.489955073e-01 2.146626669e-01
1.503755321e-01 2.033189856e-01
1.517683390e-01 1.939408003e-01
1.531740464e-01 1.789361299e-01
1.545927736e-01 1.667633145e-01
1.560246414e-01 1.714538012e-01
1.574697715e-01 1.912239988e-01
1.589282866e-01 2.017291244e-01
1.604003107e-01 2.015605528e-01
1.618859690e-01 1.987539901e-01
1.633853878e-01 2.044000557e-01
1.648986944e-01 2.076468157e-01
1.664260176e-01 2.088211519e-01
1.679674872e-01 2.209604441e-01
1.695232342e-01 2.193013452e-01
1.710933907e-01 2.063179086e-01
1.726780904e-01 2.049769639e-01
1.742774678e-01 2.134494223e-01
1.758916590e-01 2.154221201e-01
1.775208012e-01 2.098121109e-01
1.791650327e-01 2.231883688e-01
1.808244935e-01 2.220853337e-01
1.824993245e-01 2.140198501e-01
1.841896681e-01 2.035242420e-01
1.858956680e-01 2.029225828e-01
1.876174691e-01 2.112215328e-01
1.893552180e-01 1.992580546e-01
1.911090622e-01 2.037083430e-01
1.928791508e-01 2.015621766e-01
1.946656343e-01 2.090921014e-01
1.964686646e-01 2.137527484e-01
1.982883949e-01 2.181911220e-01
2.001249799e-01 2.137479375e-01
2.019785757e-01 2.194718895e-01
2.038493398e-01 2.155679284e-01
2.057374313e-01 2.091286080e-01
2.076430107e-01 2.209177987e-01
2.095662399e-01 2.169037990e-01
2.115072825e-01 2.238366839e-01
2.134663033e-01 2.170752730e-01
2.154434690e-01 2.221583095e-01
2.174389476e-01 2.192954814e-01
2.194529086e-01 2.245308060e-01
2.214855234e-01 2.177213102e-01
2.235369646e-01 2.173210525e-01
2.256074066e-01 2.122581704e-01
2.276970255e-01 2.186326268e-01
2.298059989e-01 2.141882696e-01
2.319345059e-01 1.933485910e-01
2.340827276e-01 1.967443797e-01
2.362508465e-01 1.994218313e-01
2.384390470e-01 1.932505226e-01
2.406475150e-01 1.952585482e-01
2.428764382e-01 2.018483476e-01
2.451260062e-01 2.057696307e-01
2.473964101e-01 2.032813803e-01
2.496878429e-01 1.942870908e-01
2.520004994e-01 1.952660024e-01
2.543345761e-01 1.968477356e-01
2.566902715e-01 2.037164831e-01
2.590677859e-01 2.061508159e-01
2.614673212e-01 2.027929644e-01
2.638890814e-01 2.144176993e-01
2.663332725e-01 2.184084480e-01
2.688001022e-01 2.168798764e-01
2.712897800e-01 2.109349006e-01
2.738025178e-01 2.067564970e-01
2.763385290e-01 2.063195130e-01
2.788980292e-01 1.951629817e-01
2.814812361e-01 2.064890579e-01
2.840883690e-01 2.107044672e-01
2.867196497e-01 2.170314930e-01
2.893753019e-01 2.233045010e-01
2.920555512e-01 2.322243942e-01
2.947606255e-01 2.265433848e-01
2.974907547e-01 2.299526890e-01
3.002461709e-01 2.311138015e-01
3.030271083e-01 2.338193785e-01
3.058338032e-01 2.360170243e-01
3.086664943e-01 2.383294315e-01
3.115254224e-01 2.383074136e-01
3.144108303e-01 2.394055131e-01
3.173229635e-01 2.379975969e-01
3.202620694e-01 2.354127575e-01
3.232283978e-01 2.375098109e-01
3.262222010e-01 2.505582269e-01
3.292437333e-01 2.550985855e-01
3.322932516e-01 2.592637716e-01
3.353710152e-01 2.542759852e-01
3.384772856e-01 2.563362644e-01
3.416123269e-01 2.641650062e-01
3.447764055e-01 2.600682436e-01
3.479697904e-01 2.594881322e-01
3.511927530e-01 2.613646014e-01
3.544455674e-01 2.790107372e-01
3.577285099e-01 2.562348377e-01
3.610418597e-01 2.739523639e-01
3.643858984e-01 2.870617152e-01
3.677609102e-01 2.895864928e-01
3.711671819e-01 2.866999538e-01
3.746050033e-01 3.009663893e-01
3.780746664e-01 3.330235049e-01
3.815764661e-01 3.529961237e-01
3.851107002e-01 3.741656924e-01
3.886776691e-01 3.649939161e-01
3.922776759e-01 4.211599963e-01
3.959110266e-01 3.735910532e-01
3.995780302e-01 4.899205050e-01
4.032789982e-01 5.236940378e-01
4.070142453e-01 5.069946597e-01
4.107840890e-01 4.417051673e-01
4.145888497e-01 5.256601086e-01
4.184288508e-01 5.265338505e-01
4.223044187e-01 5.367316414e-01
4.262158829e-01 5.413499160e-01
4.301635758e-01 5.161582070e-01
4.341478330e-01 4.827099878e-01
4.381689932e-01 5.481000752e-01
4.422273981e-01 5.599767898e-01
4.463233927e-01 5.789769328e-01
4.504573252e-01 6.082523213e-01
4.546295470e-01 5.945900250e-01
4.588404126e-01 6.067061694e-01
4.630902802e-01 6.233452397e-01
4.673795108e-01 6.179526503e-01
4.717084691e-01 6.168914512e-01
4.760775230e-01 6.358490866e-01
4.804870440e-01 6.522827886e-01
4.849374067e-01 5.801814693e-01
4.894289896e-01 6.398834179e-01
4.939621744e-01 6.541592644e-01
4.985373464e-01 6.458190445e-01
5.031548945e-01 6.361926420e-01
5.078152112e-01 6.591866706e-01
5.125186927e-01 6.577733299e-01
5.172657387e-01 6.294248491e-01
5.220567528e-01 6.610671713e-01
5.268921421e-01 6.691115439e-01
5.317723178e-01 6.938274213e-01
5.366976946e-01 7.047954036e-01
5.416686911e-01 7.018168997e-01
5.466857300e-01 7.123051436e-01
5.517492376e-01 7.183002649e-01
5.568596444e-01 7.290376653e-01
5.620173848e-01 7.382798134e-01
5.672228972e-01 7.396262586e-01
5.724766240e-01 7.606646442e-01
5.777790118e-01 7.685959788e-01
5.831305114e-01 7.935746706e-01
5.885315775e-01 7.555075604e-01
5.939826694e-01 7.830264888e-01
5.994842503e-01 7.929708329e-01
6.050367879e-01 8.159528831e-01
6.106407542e-01 8.166142843e-01
6.162966255e-01 7.979402501e-01
6.220048826e-01 7.974424959e-01
6.277660106e-01 8.005818835e-01
6.335804993e-01 8.244123585e-01
6.394488429e-01 8.471353751e-01
6.453715402e-01 8.590371154e-01
6.513490946e-01 8.567309931e-01
6.573820143e-01 8.168942579e-01
6.634708121e-01 8.668182365e-01
6.696160055e-01 8.655065644e-01
6.758181168e-01 8.680556825e-01
6.820776733e-01 8.824355669e-01
6.883952070e-01 8.786608930e-01
6.947712548e-01 9.025964830e-01
7.012063589e-01 9.164306976e-01
7.077010661e-01 9.144251835e-01
7.142559286e-01 8.921597479e-01
7.208715034e-01 8.985111588e-01
7.275483529e-01 9.324660969e-01
7.342870447e-01 9.714406759e-01
7.410881516e-01 9.904773845e-01
7.479522516e-01 1.010579174e+00
7.548799282e-01 1.030519926e+00
7.618717702e-01 1.014418300e+00
7.689283721e-01 9.815767775e-01
7.760503335e-01 9.992712992e-01
7.832382599e-01 1.030537137e+00
7.904927623e-01 1.019292043e+00
7.978144572e-01 1.031457276e+00
8.052039671e-01 1.059751936e+00
8.126619200e-01 1.058105304e+00
8.201889499e-01 1.054806662e+00
8.277856966e-01 1.086402980e+00
8.354528058e-01 1.083276554e+00
8.431909293e-01 1.091835984e+00
8.510007247e-01 1.057558477e+00
8.588828560e-01 1.109080736e+00
8.668379930e-01 1.074567715e+00
8.748668120e-01 1.121864657e+00
8.829699955e-01 1.128065800e+00
8.911482323e-01 1.128791780e+00
8.994022174e-01 1.086552532e+00
9.077326525e-01 1.161329043e+00
9.161402457e-01 1.134112416e+00
9.246257116e-01 1.139769169e+00
9.331897716e-01 1.179541998e+00
9.418331535e-01 1.208339562e+00
9.505565920e-01 1.212847441e+00
9.593608287e-01 1.225268643e+00
9.682466119e-01 1.242332866e+00
9.772146970e-01 1.235329793e+00
9.862658461e-01 1.257869167e+00
9.954008288e-01 1.270733524e+00
1.000000000e+00 1.259763670e+00
1.011158895e+00 1.271000376e+00
1.022442311e+00 1.288449702e+00
1.033851637e+00 1.312807532e+00
1.045388279e+00 1.311500206e+00
1.057053657e+00 1.299594151e+00
1.068849208e+00 1.296167704e+00
1.080776384e+00 1.307096181e+00
1.092836654e+00 1.280854119e+00
1.105031503e+00 1.271355714e+00
1.117362434e+00 1.292670174e+00
1.129830964e+00 1.292185381e+00
1.142438629e+00 1.290851019e+00
1.155186982e+00 1.323989331e+00
1.168077592e+00 1.319798975e+00
1.181112047e+00 1.309762147e+00
1.194291952e+00 1.299470453e+00
1.207618931e+00 1.316857144e+00
1.221094623e+00 1.343079625e+00
1.234720690e+00 1.340998059e+00
1.248498809e+00 1.332682872e+00
1.262430676e+00 1.334453874e+00
1.276518007e+00 1.343790689e+00
1.290762537e+00 1.353517766e+00
1.305166021e+00 1.373757684e+00
1.319730231e+00 1.369506844e+00
1.334456963e+00 1.363239146e+00
1.349348028e+00 1.387592545e+00
1.364405261e+00 1.378133507e+00
1.379630515e+00 1.397101868e+00
1.395025668e+00 1.367775162e+00
1.410592612e+00 1.345022536e+00
1.426333267e+00 1.363079978e+00
1.442249570e+00 1.381791754e+00
1.458343482e+00 1.377720813e+00
1.474616984e+00 1.386305251e+00
1.491072080e+00 1.430652360e+00
1.507710796e+00 1.438720476e+00
1.524535183e+00 1.489279229e+00
1.541547311e+00 1.498039335e+00
1.558749275e+00 1.490152684e+00
1.576143195e+00 1.483113511e+00
1.593731211e+00 1.509280258e+00
1.611515490e+00 1.533927163e+00
1.629498222e+00 1.547482091e+00
1.647681622e+00 1.573031416e+00
1.666067928e+00 1.575930651e+00
1.684659405e+00 1.599368150e+00
1.703458342e+00 1.606181390e+00
1.722467055e+00 1.593265180e+00
1.741687884e+00 1.573969872e+00
1.761123196e+00 1.563569144e+00
1.780775385e+00 1.533264868e+00
1.800646870e+00 1.464485156e+00
1.820740100e+00 1.442610692e+00
1.841057547e+00 1.429304650e+00
1.861601715e+00 1.415045363e+00
1.882375133e+00 1.379717211e+00
1.903380359e+00 1.398578713e+00
1.924619981e+00 1.395937878e+00
1.946096613e+00 1.358523025e+00
1.967812901e+00 1.342257310e+00
1.989771518e+00 1.318535629e+00
2.011975170e+00 1.338750476e+00
2.034426589e+00 1.298516317e+00
2.057128542e+00 1.274645305e+00
2.080083823e+00 1.283199269e+00
2.103295260e+00 1.273780013e+00
2.126765711e+00 1.269135943e+00
2.150498066e+00 1.250985792e+00
2.174495248e+00 1.222833084e+00
2.198760212e+00 1.191693034e+00
2.223295946e+00 1.185763284e+00
2.248105472e+00 1.173605846e+00
2.273191845e+00 1.150192832e+00
2.298558154e+00 1.074262756e+00
2.324207523e+00 1.051060146e+00
2.350143111e+00 1.001299054e+00
2.376368111e+00 9.715293779e-01
2.402885753e+00 9.518908715e-01
2.429699303e+00 8.827730410e-01
2.456812062e+00 8.456213234e-01
2.484227370e+00 7.666260239e-01
2.511948602e+00 7.368640340e-01
2.539979173e+00 7.478086072e-01
2.568322534e+00 7.716122599e-01
2.596982175e+00 7.842734566e-01
2.625961626e+00 7.994773358e-01
2.655264456e+00 8.044837370e-01
2.684894273e+00 7.958675745e-01
2.714854727e+00 8.098960057e-01
2.745149505e+00 8.236606331e-01
2.775782340e+00 8.114035760e-01
2.806757004e+00 8.102627055e-01
2.838077310e+00 7.765858173e-01
2.869747117e+00 7.759670057e-01
2.901770324e+00 7.497610797e-01
2.934150874e+00 7.112587393e-01
2.966892755e+00 6.868474938e-01
3.000000000e+00 6.736418748e-01
3.009390034e+00 6.624056262e-01
3.037263580e+00 6.592746029e-01
3.065395295e+00 6.611073444e-01
3.093787572e+00 6.546390472e-01
3.122442823e+00 6.501758221e-01
3.151363485e+00 6.438030546e-01
3.180552015e+00 6.396357609e-01
3.210010896e+00 6.357442406e-01
3.239742630e+00 6.320756249e-01
3.269749745e+00 6.338378673e-01
3.300034791e+00 6.250926656e-01
3.330600344e+00 6.349053123e-01
3.361449000e+00 6.330313090e-01
3.392583383e+00 6.373492920e-01
3.424006138e+00 6.464002409e-01
3.455719937e+00 6.434672231e-01
3.487727475e+00 6.284558458e-01
3.520031473e+00 6.249461806e-01
3.552634677e+00 6.083745270e-01
3.585539857e+00 6.058519856e-01
3.618749812e+00 5.970945568e-01
3.652267364e+00 5.769912197e-01
3.686095362e+00 5.635930337e-01
3.720236681e+00 5.445244977e-01
3.754694224e+00 5.265903139e-01
3.789470919e+00 5.236048073e-01
3.824569722e+00 5.110628862e-01
3.859993618e+00 5.060197891e-01
3.895745616e+00 4.961490201e-01
3.931828756e+00 4.936022796e-01
3.968246105e+00 4.862257663e-01
4.005000758e+00 4.798310816e-01
4.042095840e+00 4.782418751e-01
4.079534503e+00 4.787279379e-01
4.117319931e+00 4.765973296e-01
4.155455335e+00 4.680694643e-01
4.193943956e+00 4.708633249e-01
4.232789066e+00 4.644115899e-01
4.271993966e+00 4.602863181e-01
4.311561990e+00 4.370660202e-01
4.351496501e+00 4.172200043e-01
4.391800893e+00 4.008906389e-01
4.432478591e+00 3.917960115e-01
4.473533054e+00 3.846734265e-01
4.514967772e+00 3.787779981e-01
4.556786266e+00 3.613694348e-01
4.598992091e+00 3.521767181e-01
4.641588834e+00 3.515188370e-01
4.684580116e+00 3.477842614e-01
4.727969592e+00 3.438310335e-01
4.771760949e+00 3.416037282e-01
4.815957910e+00 3.400763465e-01
4.860564232e+00 3.308205511e-01
4.905583706e+00 3.277003534e-01
4.951020160e+00 3.168362055e-01
4.996877454e+00 3.128097246e-01
5.043159487e+00 3.098372044e-01
5.089870194e+00 3.060319529e-01
5.137013543e+00 3.034223383e-01
5.184593544e+00 3.008547463e-01
5.232614239e+00 2.969744691e-01
5.281079712e+00 2.946967045e-01
5.329994081e+00 2.897038357e-01
5.379361504e+00 2.853302786e-01
5.429186178e+00 2.876560985e-01
5.479472337e+00 2.810644749e-01
5.530224256e+00 2.808800372e-01
5.581446249e+00 2.777206883e-01
5.633142671e+00 2.720888661e-01
5.685317914e+00 2.688859024e-01
5.737976414e+00 2.642855292e-01
5.791122648e+00 2.610657916e-01
5.844761132e+00 2.590113277e-01
5.898896426e+00 2.560678761e-01
5.953533131e+00 2.497781716e-01
6.008675892e+00 2.476798618e-01
6.064329395e+00 2.447483546e-01
6.120498372e+00 2.419867676e-01
6.177187597e+00 2.363175521e-01
6.234401889e+00 2.312895136e-01
6.292146110e+00 2.292184703e-01
6.350425169e+00 2.243005133e-01
6.409244019e+00 2.220293340e-01
6.468607662e+00 2.180877075e-01
6.528521141e+00 2.148716452e-01
6.588989551e+00 2.113000206e-01
6.650018030e+00 2.056714370e-01
6.711611767e+00 2.037849710e-01
6.773775998e+00 2.019978574e-01
6.836516005e+00 1.976072654e-01
6.899837121e+00 1.933908544e-01
6.963744731e+00 1.890901341e-01
7.028244264e+00 1.867199593e-01
7.093341205e+00 1.832957515e-01
7.159041086e+00 1.829033127e-01
7.225349492e+00 1.804530106e-01
7.292272059e+00 1.774435371e-01
7.359814475e+00 1.740487576e-01
7.427982483e+00 1.730455188e-01
7.496781875e+00 1.694746307e-01
7.566218500e+00 1.662216034e-01
7.636298261e+00 1.637680025e-01
7.707027114e+00 1.603266427e-01
7.778411071e+00 1.585684225e-01
7.850456200e+00 1.563570789e-01
7.923168625e+00 1.539651773e-01
7.996554526e+00 1.514672460e-01
8.070620141e+00 1.493826432e-01
8.145371766e+00 1.454941345e-01
8.220815755e+00 1.439467065e-01
8.296958521e+00 1.406270199e-01
8.373806535e+00 1.408191681e-01
8.451366331e+00 1.388672936e-01
8.529644500e+00 1.343563372e-01
8.608647696e+00 1.343347545e-01
8.688382635e+00 1.322901806e-01
8.768856095e+00 1.303583445e-01
8.850074914e+00 1.291745678e-01
8.932045999e+00 1.281963656e-01
9.014776315e+00 1.249828447e-01
9.098272894e+00 1.238535015e-01
9.182542836e+00 1.202577243e-01
9.267593301e+00 1.209565330e-01
9.353431520e+00 1.187385754e-01
9.440064789e+00 1.162841036e-01
9.527500472e+00 1.155869772e-01
9.615746001e+00 1.142945837e-01
9.704808877e+00 1.116012913e-01
9.794696671e+00 1.108468234e-01
9.885417022e+00 1.102786390e-01
9.976977642e+00 1.072662133e-01
1.006938631e+01 1.043538190e-01
1.016265089e+01 1.036267646e-01
1.025677931e+01 1.000321945e-01
1.035177956e+01 9.899369636e-02
1.044765972e+01 9.733989067e-02
1.054442794e+01 9.478788545e-02
1.064209244e+01 9.311510423e-02
1.074066153e+01 9.093845186e-02
1.084014359e+01 8.859398293e-02
1.094054707e+01 8.642244811e-02
1.104188051e+01 8.592371164e-02
1.114415251e+01 8.342238162e-02
1.124737178e+01 8.214300417e-02
1.135154709e+01 7.991936720e-02
1.145668729e+01 7.947798059e-02
1.156280131e+01 7.746597452e-02
1.166989819e+01 7.592296994e-02
1.177798701e+01 7.339564164e-02
1.188707698e+01 7.279229806e-02
1.199717735e+01 7.161405783e-02
1.210829750e+01 6.948067356e-02
1.222044687e+01 6.776363174e-02
1.233363498e+01 6.721322336e-02
1.244787146e+01 6.514590120e-02
1.256316602e+01 6.450366153e-02
1.267952847e+01 6.306724573e-02
1.279696868e+01 6.155342248e-02
1.291549665e+01 6.075828509e-02
1.303512245e+01 5.920045366e-02
1.315585624e+01 5.795537045e-02
1.327770829e+01 5.679470911e-02
1.340068896e+01 5.572474698e-02
1.352480870e+01 5.445255792e-02
1.365007807e+01 5.331409321e-02
1.377650770e+01 5.271303367e-02
1.390410834e+01 5.150313573e-02
1.403289085e+01 5.053944840e-02
1.416286616e+01 4.919989893e-02
1.429404533e+01 4.804374462e-02
1.442643951e+01 4.728344682e-02
1.456005995e+01 4.638899559e-02
1.469491801e+01 4.518139003e-02
1.483102514e+01 4.423065963e-02
1.496839293e+01 4.404416029e-02
1.510703304e+01 4.250704140e-02
1.524695727e+01 4.215277106e-02
1.538817750e+01 4.106823149e-02
1.553070574e+01 4.019763669e-02
1.567455410e+01 3.927735914e-02
1.581973482e+01 3.863160996e-02
1.596626022e+01 3.836867849e-02
1.611414277e+01 3.734628134e-02
1.626339504e+01 3.651298692e-02
1.641402971e+01 3.572654073e-02
1.656605959e+01 3.499736119e-02
1.671949760e+01 3.424363034e-02
1.687435678e+01 3.359322501e-02
1.703065029e+01 3.300802755e-02
1.718839143e+01 3.250969827e-02
1.734759359e+01 3.185966010e-02
1.750827032e+01 3.100937836e-02
1.767043526e+01 3.037759950e-02
1.783410221e+01 2.978212325e-02
1.799928507e+01 2.936545094e-02
1.816599788e+01 2.882632043e-02
1.833425483e+01 2.817015143e-02
1.850407020e+01 2.718988748e-02
1.867545843e+01 2.701997319e-02
1.884843409e+01 2.628877062e-02
1.902301189e+01 2.609515104e-02
1.919920666e+01 2.526433032e-02
1.937703337e+01 2.483146490e-02
1.955650716e+01 2.453944203e-02
1.973764326e+01 2.386559008e-02
1.992045708e+01 2.349632646e-02
2.010496416e+01 2.304239716e-02
2.029118018e+01 2.267934496e-02
2.047912097e+01 2.212030267e-02
2.066880250e+01 2.184375793e-02
2.086024089e+01 2.143345793e-02
2.105345243e+01 2.093268958e-02
2.124845352e+01 2.063514418e-02
2.144526076e+01 2.036620986e-02
2.164389086e+01 2.002531056e-02
2.184436071e+01 1.949458320e-02
2.204668735e+01 1.927924783e-02
2.225088798e+01 1.900187366e-02
2.245697996e+01 1.848521956e-02
2.266498079e+01 1.818053342e-02
2.287490817e+01 1.801613477e-02
2.308677994e+01 1.765464678e-02
2.330061411e+01 1.746978729e-02
2.351642884e+01 1.689802404e-02
2.373424250e+01 1.662712618e-02
2.395407359e+01 1.631104314e-02
2.417594079e+01 1.608663144e-02
2.439986297e+01 1.571114969e-02
2.462585916e+01 1.560092189e-02
2.485394857e+01 1.530019291e-02
2.508415059e+01 1.500176017e-02
2.531648479e+01 1.464458575e-02
2.555097090e+01 1.438800189e-02
2.578762888e+01 1.416826015e-02
2.602647882e+01 1.396740940e-02
2.626754104e+01 1.362007315e-02
2.651083602e+01 1.353086829e-02
2.675638445e+01 1.330686400e-02
2.700420719e+01 1.297278220e-02
2.725432531e+01 1.266139289e-02
2.750676008e+01 1.259870104e-02
2.776153294e+01 1.220084842e-02
2.801866556e+01 1.211627003e-02
2.827817980e+01 1.178672946e-02
2.854009770e+01 1.163638734e-02
2.880444153e+01 1.147713478e-02
2.907123377e+01 1.115925748e-02
2.934049709e+01 1.108587199e-02
2.961225438e+01 1.083270067e-02
2.988652874e+01 1.058633722e-02
3.016334347e+01 1.038886852e-02
3.044272212e+01 1.019194701e-02
3.072468843e+01 1.009153633e-02
3.100926636e+01 9.862164557e-03
3.129648011e+01 9.664980541e-03
3.158635408e+01 9.532303341e-03
3.187891293e+01 9.405298753e-03
3.217418151e+01 9.202110315e-03
3.247218492e+01 9.014485743e-03
3.277294850e+01 8.778214989e-03
3.307649781e+01 8.735832022e-03
3.338285865e+01 8.542349013e-03
3.369205706e+01 8.394508722e-03
3.400411933e+01 8.288478837e-03
3.431907197e+01 8.097619807e-03
3.463694177e+01 7.979082304e-03
3.495775574e+01 7.846126449e-03
3.528154115e+01 7.635873731e-03
3.560832553e+01 7.538440950e-03
3.593813664e+01 7.373634646e-03
3.627100252e+01 7.263638278e-03
3.660695148e+01 7.119795822e-03
3.694601205e+01 6.984989474e-03
3.728821307e+01 6.928487512e-03
3.763358362e+01 6.730774699e-03
3.798215306e+01 6.710759653e-03
3.833395102e+01 6.507135828e-03
3.868900739e+01 6.414745323e-03
3.904735237e+01 6.356696105e-03
3.940901640e+01 6.178574023e-03
3.977403024e+01 6.076952900e-03
4.014242490e+01 6.001182796e-03
4.051423171e+01 5.870024298e-03
4.088948226e+01 5.779134224e-03
4.126820846e+01 5.644944595e-03
4.165044249e+01 5.564145573e-03
4.203621684e+01 5.442413068e-03
4.242556431e+01 5.329391371e-03
4.281851799e+01 5.263478456e-03
4.321511128e+01 5.140089945e-03
4.361537789e+01 5.047373541e-03
4.401935185e+01 4.973754902e-03
4.442706750e+01 4.890338417e-03
4.483855948e+01 4.797375300e-03
4.525386278e+01 4.728404797e-03
4.567301270e+01 4.617798404e-03
4.609604487e+01 4.544347757e-03
4.652299524e+01 4.431995701e-03
4.695390011e+01 4.359624992e-03
4.738879610e+01 4.302667386e-03
4.782772018e+01 4.212180633e-03
4.827070966e+01 4.159437816e-03
4.871780219e+01 4.051197219e-03
4.916903578e+01 4.018661145e-03
4.962444878e+01 3.918630812e-03
5.008407990e+01 3.811218462e-03
5.054796821e+01 3.793543957e-03
5.101615315e+01 3.710809581e-03
5.148867450e+01 3.641760661e-03
5.196557244e+01 3.555500570e-03
5.244688749e+01 3.523441677e-03
5.293266058e+01 3.413114404e-03
5.342293300e+01 3.396646056e-03
5.391774640e+01 3.334935177e-03
5.441714287e+01 3.244789707e-03
5.492116484e+01 3.220289238e-03
5.542985516e+01 3.143824670e-03
5.594325706e+01 3.083510290e-03
5.646141419e+01 3.036601970e-03
5.698437059e+01 2.998270205e-03
5.751217072e+01 2.921224546e-03
5.804485943e+01 2.886087946e-03
5.858248200e+01 2.836745203e-03
5.912508414e+01 2.769124879e-03
5.967271196e+01 2.720406043e-03
6.022541201e+01 2.680325949e-03
6.078323128e+01 2.630463719e-03
6.134621718e+01 2.583672206e-03
6.191441756e+01 2.523821791e-03
6.248788072e+01 2.488255975e-03
6.306665541e+01 2.410369176e-03
6.365079081e+01 2.387651302e-03
6.424033659e+01 2.341579290e-03
6.483534286e+01 2.316079805e-03
6.543586019e+01 2.247094009e-03
6.604193962e+01 2.238242752e-03
6.665363268e+01 2.187841360e-03
6.727099136e+01 2.157342416e-03
6.789406813e+01 2.113124486e-03
6.852291595e+01 2.078688284e-03
6.915758829e+01 2.025079562e-03
6.979813908e+01 2.003310181e-03
7.044462277e+01 1.952390510e-03
7.109709432e+01 1.929567306e-03
7.175560919e+01 1.889509520e-03
7.242022335e+01 1.836913489e-03
7.309099329e+01 1.817287470e-03
7.376797603e+01 1.783659497e-03
7.445122911e+01 1.751695911e-03
7.514081061e+01 1.708632082e-03
7.583677915e+01 1.696072947e-03
7.653919388e+01 1.670946095e-03
7.724811451e+01 1.626132705e-03
7.796360130e+01 1.614628406e-03
7.868571507e+01 1.564746129e-03
7.941451719e+01 1.534701153e-03
8.015006962e+01 1.505306068e-03
8.089243487e+01 1.484576051e-03
8.164167605e+01 1.452301947e-03
8.239785685e+01 1.435826966e-03
8.316104153e+01 1.411865974e-03
8.393129498e+01 1.397096720e-03
8.470868267e+01 1.346318530e-03
8.549327066e+01 1.331525386e-03
8.628512566e+01 1.308355377e-03
8.708431498e+01 1.295244897e-03
8.789090653e+01 1.253913999e-03
8.870496890e+01 1.239579390e-03
8.952657126e+01 1.205594493e-03
9.035578346e+01 1.192136497e-03
9.119267598e+01 1.170460690e-03
9.203731997e+01 1.140853324e-03
9.288978720e+01 1.116996587e-03
9.375015015e+01 1.104147551e-03
9.461848195e+01 1.092065766e-03
9.549485640e+01 1.082590929e-03
9.637934800e+01 1.051555348e-03
9.727203192e+01 1.032212693e-03
9.817298406e+01 1.013620160e-03
9.908228099e+01 9.943487427e-04
1.000000000e+02 4.909147651e-04
